2.400000
2.100000
2.000000
3.600000
3.500000
2.200000
2.100000
2.400000
2.000000
2.600000
2.100000
2.100000
2.400000
2.200000
2.000000
2.400000
2.000000
2.300000
2.300000
2.100000
3.600000
2.500000
2.000000
2.300000
2.500000
2.100000
2.000000
2.400000
2.100000
2.000000
2.100000
2.100000
2.100000
2.000000
2.400000
2.100000
2.200000
2.300000
2.000000
2.100000
2.100000
2.200000
2.800000
2.200000
4.300000
2.000000
2.400000
2.900000
2.200000
2.300000
2.600000
2.400000
2.500000
3.500000
2.900000
2.900000
2.800000
2.400000
2.400000
2.500000
3.600000
5.400000
2.600000
2.200000
2.700000
2.200000
2.000000
2.000000
2.500000
2.100000
2.200000
2.700000
2.200000
2.000000
2.600000
2.500000
2.800000
2.700000
2.800000
2.100000
2.400000
2.500000
3.200000
2.600000
2.200000
3.200000
2.900000
2.100000
2.400000
2.100000
2.500000
2.600000
2.700000
2.600000
2.000000
2.100000
2.700000
2.600000
2.800000
2.400000
2.500000
2.700000
2.000000
2.000000
2.300000
2.400000
2.200000
2.100000
2.500000
2.000000
2.100000
2.700000
3.000000
2.900000
2.000000
2.200000
2.100000
2.800000
2.100000
2.500000
3.000000
2.000000
2.400000
2.600000
2.100000
2.900000
3.200000
2.100000
2.000000
2.200000
2.000000
3.100000
2.200000
2.300000
2.400000
2.100000
2.100000
2.700000
2.000000
2.200000
2.200000
2.500000
3.300000
2.000000
2.000000
2.200000
2.000000
2.400000
2.900000
2.400000
2.100000
2.000000
2.600000
2.200000
2.000000
2.100000
2.100000
2.400000
3.200000
2.400000
2.300000
2.400000
2.200000
2.500000
2.300000
3.100000
2.100000
2.100000
2.400000
2.000000
2.300000
2.900000
2.300000
2.600000
2.200000
2.600000
2.500000
2.600000
2.000000
2.600000
2.600000
2.500000
2.800000
2.100000
2.700000
2.200000
2.100000
2.400000
2.200000
3.300000
2.500000
