0
3006
15396
17021
25263
27833
27921
33457
55773
81502
119387
228670
236763
242377
248011
309499
332267
418266
429001
432333
432333
432523
432886
432936
433008
439895
442355
443797
445300
446422
447746
448517
452343
453324
456022
456795
460493
469247
472281
483592
483592
483837
484007
484224
484331
484486
485021
485331
485618
485862
486611
487732
488692
489009
489148
491002
491505
492302
494205
497738
497738
843815
1237575
1512832
1547782
1681270
1860426
1880722
1970187
2622003
2740037
3512425
3542276
3612889
3799438
4004583
4134459
4134471
4134878
4135086
4135086
4371775
4386088
5188125
5274075
5375787
6953449
7101083
7646990
7657983
8093276
8858669
9059710
9610547
9965017
10339906
10988440
11002016
11599931
11897368
11897368
11927635
12172804
12437370
12449503
12769903
12791534
13183368
13458619
14025532
14677174
14685273
14813072
14880388
15017945
15181970
15428718
16066799
16126978
16754411
16754411
16929510
17081710
17099254
17108414
17153226
17203030
17640973
17661934
17682668
17784822
17884325
17943059
18110082
18764930
18784424
19266168
19340444
19348636
19432242
19432242
19437425
19438047
19458498
19473465
19513211
19590405
19601534
19758189
20202021
20354083
20624392
20870306
21338824
21394037
21447856
21642511
21699887
21700326
21794574
21794574
22034916
22261251
22885347
22888873
23267859
23313393
23455045
23776194
23832917
24000527
24015197
24210969
24332628
24447529
24499782
24503076
24569622
24569645
25172890
25172890
25347516
25347646
25437904
25760248
26061618
26216694
26263296
26336059
26410636
26636101
